0.73844 0.762555 0.791741 0.820958 
0.791741 0.820958 0.844977 0.860836 
0.844977 0.860836 0.86857 0.870171 
0.86857 0.870171 0.868235 0.865187 
0.868235 0.865187 0.862916 0.862634 
0.862916 0.862634 0.864851 0.869378 
0.864851 0.869378 0.875345 0.881312 
0.875345 0.881312 0.88529 0.884687 
0.88529 0.884687 0.876564 0.85874 
0.876564 0.85874 0.831405 0.797411 
0.831405 0.797411 0.760554 0.724037 
0.760554 0.724037 0.689932 0.659282 
0.689932 0.659282 0.632328 0.608706 
0.632328 0.608706 0.587657 0.568257 
0.587657 0.568257 0.549665 0.531329 
0.549665 0.531329 0.513119 0.495377 
0.513119 0.495377 0.478969 0.465382 
0.478969 0.465382 0.456867 0.456365 
0.456867 0.456365 0.466856 0.489952 
0.466856 0.489952 0.524565 0.567014 
0.524565 0.567014 0.612699 0.657793 
0.612699 0.657793 0.699874 0.737707 
0.699874 0.737707 0.770792 0.799003 
0.770792 0.799003 0.822352 0.840969 
0.822352 0.840969 0.855067 0.865042 
0.855067 0.865042 0.871535 0.875528 
0.871535 0.875528 0.878454 0.882165 
0.878454 0.882165 0.888658 0.899441 
0.888658 0.899441 0.91456 0.931782 
0.91456 0.931782 0.94655 0.953508 
0.94655 0.953508 0.94905 0.932658 
0.94905 0.932658 0.90633 0.873051 
0.90633 0.873051 0.835779 0.79693 
0.835779 0.79693 0.758297 0.721126 
0.758297 0.721126 0.686159 0.653665 
0.686159 0.653665 0.623418 0.594724 
0.623418 0.594724 0.566592 0.538148 
0.566592 0.538148 0.50911 0.48002 
0.50911 0.48002 0.452066 0.426747 
0.452066 0.426747 0.405701 0.390774 
0.405701 0.390774 0.384127 0.388127 
0.384127 0.388127 0.404728 0.434395 
0.404728 0.434395 0.475229 0.523274 
0.475229 0.523274 0.573915 0.623245 
0.573915 0.623245 0.668595 0.708367 
0.668595 0.708367 0.741647 0.767965 
0.741647 0.767965 0.787237 0.799803 
0.787237 0.799803 0.806426 0.808209 
0.806426 0.808209 0.80657 0.803194 
0.80657 0.803194 0.800078 0.799422 
0.800078 0.799422 0.8034 0.813657 
0.8034 0.813657 0.830598 0.852689 
0.830598 0.852689 0.876031 0.895036 
0.876031 0.895036 0.904706 0.902977 
0.904706 0.902977 0.89099 0.871725 
0.89099 0.871725 0.848506 0.824143 
0.848506 0.824143 0.800779 0.779792 
0.800779 0.779792 0.761854 0.746892 
0.761854 0.746892 0.73403 0.721636 
0.73403 0.721636 0.707559 0.689667 
0.707559 0.689667 0.666674 0.638876 
0.666674 0.638876 0.608152 0.577161 
0.608152 0.577161 0.548512 0.524426 
0.548512 0.524426 0.506729 0.496821 
0.506729 0.496821 0.495498 0.502715 
0.495498 0.502715 0.517516 0.538266 
0.517516 0.538266 0.563138 0.590593 
0.563138 0.590593 0.619709 0.650248 
0.619709 0.650248 0.682417 0.716223 
0.682417 0.716223 0.750719 0.783861 
0.750719 0.783861 0.813375 0.837768 
0.813375 0.837768 0.856751 0.871032 
0.856751 0.871032 0.881921 0.891012 
0.881921 0.891012 0.899875 0.909759 
0.899875 0.909759 0.921403 0.93486 
0.921403 0.93486 0.949446 0.96378 
0.949446 0.96378 0.97579 0.982785 
0.97579 0.982785 0.981658 0.969823 
0.981658 0.969823 0.946573 0.913683 
0.946573 0.913683 0.874392 0.831924 
0.874392 0.831924 0.788723 0.746335 
0.788723 0.746335 0.705525 0.666495 
0.705525 0.666495 0.629085 0.592982 
0.629085 0.592982 0.557912 0.523774 
0.557912 0.523774 0.490695 0.459007 
0.490695 0.459007 0.429211 0.401984 
0.429211 0.401984 0.378242 0.359278 
0.378242 0.359278 0.346914 0.343584 
0.346914 0.343584 0.352058 0.374513 
0.352058 0.374513 0.411057 0.458815 
0.411057 0.458815 0.512663 0.567104 
0.512663 0.567104 0.617765 0.661871 
0.617765 0.661871 0.69805 0.725932 
0.69805 0.725932 0.7458 0.758345 
0.7458 0.758345 0.764498 0.765351 
0.764498 0.765351 0.762181 0.756452 
0.762181 0.756452 0.749927 0.744714 
0.749927 0.744714 0.74319 0.74767 
0.74319 0.74767 0.759798 0.7798 
0.759798 0.7798 0.805785 0.833448 
0.805785 0.833448 0.857155 0.872502 
0.857155 0.872502 0.878202 0.875772 
0.878202 0.875772 0.867991 0.857711 
0.867991 0.857711 0.847332 0.838591 
0.847332 0.838591 0.832526 0.829432 
0.832526 0.829432 0.828814 0.829401 
0.828814 0.829401 0.829218 0.825705 
0.829218 0.825705 0.816058 0.79818 
0.816058 0.79818 0.771951 0.739661 
0.771951 0.739661 0.704825 0.670718 
0.704825 0.670718 0.639709 0.613245 
0.639709 0.613245 0.591983 0.575883 
0.591983 0.575883 0.564311 0.556196 
0.564311 0.556196 0.550289 0.545462 
0.550289 0.545462 0.54101 0.536878 
0.54101 0.536878 0.533825 0.533531 
0.533825 0.533531 0.538563 0.551857 
0.538563 0.551857 0.575362 0.608421 
0.575362 0.608421 0.647593 0.688438 
0.647593 0.688438 0.727461 0.762806 
0.727461 0.762806 0.793943 0.821095 
0.793943 0.821095 0.844772 0.865469 
0.844772 0.865469 0.883605 0.899456 
0.883605 0.899456 0.913257 0.925274 
0.913257 0.925274 0.93595 0.945963 
0.93595 0.945963 0.956259 0.967651 
0.956259 0.967651 0.979905 0.990711 
0.979905 0.990711 0.99571 0.990596 
0.99571 0.990596 0.973572 0.945742 
0.973572 0.945742 0.909759 0.868433 
0.909759 0.868433 0.824151 0.77871 
0.824151 0.77871 0.733416 0.689167 
0.733416 0.689167 0.646566 0.60597 
0.646566 0.60597 0.567515 0.531152 
0.567515 0.531152 0.496698 0.463975 
0.496698 0.463975 0.433006 0.404158 
0.433006 0.404158 0.37815 0.355992 
0.37815 0.355992 0.339033 0.329131 
0.339033 0.329131 0.328784 0.340913 
0.328784 0.340913 0.367825 0.409378 
0.367825 0.409378 0.461774 0.518655 
0.461774 0.518655 0.573773 0.622846 
0.573773 0.622846 0.663754 0.695906 
0.663754 0.695906 0.719556 0.735372 
0.719556 0.735372 0.744237 0.747183 
0.744237 0.747183 0.745371 0.740114 
0.745371 0.740114 0.732923 0.725599 
0.732923 0.725599 0.720305 0.719497 
0.720305 0.719497 0.725546 0.739998 
0.725546 0.739998 0.762692 0.791055 
0.762692 0.791055 0.820272 0.844939 
0.820272 0.844939 0.861598 0.869782 
0.861598 0.869782 0.871237 0.868547 
0.871237 0.868547 0.864242 0.860363 
0.864242 0.860363 0.858321 0.858793 
0.858321 0.858793 0.861773 0.866536 
0.861773 0.866536 0.871733 0.875406 
0.871733 0.875406 0.874994 0.867549 
0.874994 0.867549 0.850738 0.824448 
0.850738 0.824448 0.791223 0.754818 
0.791223 0.754818 0.718545 0.684639 
0.718545 0.684639 0.654313 0.627951 
0.654313 0.627951 0.605295 0.585626 
0.605295 0.585626 0.567987 0.551431 
0.567987 0.551431 0.535253 0.519166 
0.535253 0.519166 0.503399 0.488754 
0.503399 0.488754 0.476711 0.469547 
0.476711 0.469547 0.470244 0.48179 
0.470244 0.48179 0.50572 0.540769 
0.50572 0.540769 0.583107 0.628123 
0.583107 0.628123 0.672125 0.712888 
0.672125 0.712888 0.749384 0.781286 
0.749384 0.781286 0.808597 0.831436 
0.808597 0.831436 0.849938 0.864318 
0.849938 0.864318 0.874926 0.882318 
0.874926 0.882318 0.887423 0.891584 
0.887423 0.891584 0.896575 0.904272 
0.896575 0.904272 0.915924 0.931149 
0.915924 0.931149 0.947122 0.958903 
0.947122 0.958903 0.961494 0.952189 
0.961494 0.952189 0.931355 0.901376 
0.931355 0.901376 0.865271 0.825789 
0.865271 0.825789 0.785126 0.744906 
0.785126 0.744906 0.706218 0.669708 
0.706218 0.669708 0.635593 0.603653 
0.635593 0.603653 0.573271 0.543626 
0.573271 0.543626 0.514072 0.484544 
0.514072 0.484544 0.455684 0.428642 
0.455684 0.428642 0.40482 0.385808 
0.40482 0.385808 0.373505 0.370221 
0.373505 0.370221 0.378455 0.400082 
0.378455 0.400082 0.435051 0.480588 
0.435051 0.480588 0.531924 0.584056 
0.531924 0.584056 0.633128 0.676758 
0.633128 0.676758 0.713702 0.743411 
0.713702 0.743411 0.765786 0.781103 
0.765786 0.781103 0.789988 0.793395 
0.789988 0.793395 0.792549 0.788952 
0.792549 0.788952 0.784372 0.780897 
0.784372 0.780897 0.780821 0.786308 
0.780821 0.786308 0.79882 0.818321 
0.79882 0.818321 0.842554 0.866909 
0.842554 0.866909 0.885655 0.894586 
0.885655 0.894586 0.89275 0.881975 
0.89275 0.881975 0.865339 0.84593 
0.865339 0.84593 0.826277 0.808224 
0.826277 0.808224 0.792899 0.780691 
0.792899 0.780691 0.771227 0.763271 
0.771227 0.763271 0.754852 0.743526 
0.754852 0.743526 0.726981 0.704029 
0.726981 0.704029 0.675398 0.643518 
0.675398 0.643518 0.611421 0.581828 
0.611421 0.581828 0.556861 0.538067 
0.556861 0.538067 0.526411 0.522181 
0.526411 0.522181 0.52491 0.533458 
0.52491 0.533458 0.546306 0.561963 
0.546306 0.561963 0.579365 0.598177 
0.579365 0.598177 0.618923 0.642818 
0.618923 0.642818 0.671057 0.703623 
0.671057 0.703623 0.738563 0.772758 
0.738563 0.772758 0.803515 0.829515 
0.803515 0.829515 0.850761 0.868121 
0.850761 0.868121 0.882828 0.896149 
0.882828 0.896149 0.909096 0.922294 
0.909096 0.922294 0.935958 0.949926 
0.935958 0.949926 0.963757 0.976781 
0.963757 0.976781 0.987929 0.995367 
0.987929 0.995367 0.996197 0.98719 
0.996197 0.98719 0.966668 0.935775 
0.966668 0.935775 0.897505 0.855036 
0.897505 0.855036 0.810845 0.766525 
0.810845 0.766525 0.722957 0.680556 
0.722957 0.680556 0.639479 0.599787 
0.639479 0.599787 0.561543 0.524853 
0.561543 0.524853 0.489863 0.456765 
0.489863 0.456765 0.42582 0.397438 
0.42582 0.397438 0.372274 0.351343 
0.372274 0.351343 0.336141 0.328759 
0.336141 0.328759 0.331863 0.348178 
0.331863 0.348178 0.379213 0.423722 
0.379213 0.423722 0.477279 0.533765 
0.477279 0.533765 0.587573 0.634918 
0.587573 0.634918 0.673914 0.704069 
0.673914 0.704069 0.725718 0.739637 
0.725718 0.739637 0.746808 0.748336 
0.746808 0.748336 0.745439 0.739488 
0.745439 0.739488 0.732085 0.725155 
0.732085 0.725155 0.720964 0.721951 
0.720964 0.721951 0.730255 0.746985 
